Crystal	Atsym	Atnum	X	Y	Z	Charge	<R^3>
--
  BH3	   B	   5	  0.000000	 -0.000000	 -0.000000	  0.330481	 27.554330
  BH3	   H	   1	  0.000000	  1.190000	 -0.000000	 -0.109882	  5.370548
  BH3	   H	   1	  1.030600	 -0.595000	 -0.000000	 -0.110314	  5.371951
  BH3	   H	   1	 -1.030600	 -0.595000	 -0.000000	 -0.110285	  5.371708
--
 BHF2	   B	   5	 -0.000000	  0.000000	  0.454700	  0.821455	 19.776017
 BHF2	   H	   1	 -0.000000	  0.000000	  1.643700	 -0.208691	  5.921977
 BHF2	   F	   9	 -0.000000	  1.125500	 -0.217600	 -0.306439	 19.141488
 BHF2	   F	   9	 -0.000000	 -1.125500	 -0.217600	 -0.306324	 19.140475
--
   BN	   B	   5	  0.000000	  0.000000	  0.000000	  0.383084	 31.565512
   BN	   N	   7	  0.000000	  0.000000	  1.325000	 -0.383084	 31.502894
--
   BO	   B	   5	  0.000000	  0.000000	  0.000000	  0.534582	 28.056016
   BO	   O	   8	  0.000000	  0.000000	  1.204500	 -0.534582	 26.545723
--
   BS	   B	   5	  0.000000	  0.000000	  0.000000	  0.187912	 37.456492
   BS	   S	  16	  0.000000	  0.000000	  1.609200	 -0.187912	 75.363729
--
 C2H2	   C	   6	  0.000000	  0.000000	  0.601300	 -0.223835	 33.736696
 C2H2	   C	   6	  0.000000	  0.000000	 -0.601300	 -0.224073	 33.738788
 C2H2	   H	   1	  0.000000	  0.000000	  1.664400	  0.223956	  2.894308
 C2H2	   H	   1	  0.000000	  0.000000	 -1.664400	  0.223952	  2.894326
--
 C2H3	   C	   6	  0.048800	  0.724500	  0.000000	 -0.137285	 33.611572
 C2H3	   C	   6	  0.048800	 -0.591500	  0.000000	 -0.321574	 33.933141
 C2H3	   H	   1	 -0.683600	  1.518200	  0.000000	  0.143798	  3.688367
 C2H3	   H	   1	 -0.876300	 -1.158400	  0.000000	  0.156345	  3.470689
 C2H3	   H	   1	  0.973900	 -1.158400	  0.000000	  0.158717	  3.463830
--
 C2H4	   C	   6	 -0.000000	  0.000000	  0.669500	 -0.261658	 33.203841
 C2H4	   C	   6	 -0.000000	  0.000000	 -0.669500	 -0.261447	 33.198908
 C2H4	   H	   1	 -0.000000	  0.928900	  1.232100	  0.130790	  3.613621
 C2H4	   H	   1	 -0.000000	 -0.928900	  1.232100	  0.130746	  3.614032
 C2H4	   H	   1	 -0.000000	  0.928900	 -1.232100	  0.130800	  3.613717
 C2H4	   H	   1	 -0.000000	 -0.928900	 -1.232100	  0.130769	  3.614111
--
  C2H	   C	   6	 -0.000000	 -0.000000	  0.000000	 -0.330205	 34.938641
  C2H	   C	   6	 -0.000000	 -0.000000	 -1.216500	  0.067607	 31.609021
  C2H	   H	   1	 -0.000000	 -0.000000	  1.046500	  0.262598	  2.546342
--
CH2BH	   C	   6	  0.000000	 -0.000000	  0.594000	 -0.796108	 42.580790
CH2BH	   B	   5	  0.000000	 -0.000000	 -0.788600	  0.404531	 30.640096
CH2BH	   H	   1	  0.000000	  0.917300	  1.168700	  0.227584	  3.296429
CH2BH	   H	   1	  0.000000	 -0.917300	  1.168700	  0.227651	  3.295923
CH2BH	   H	   1	  0.000000	 -0.000000	 -1.958600	 -0.063659	  4.803257
--
 CH2F	   C	   6	 -0.028700	  0.655000	  0.000000	 -0.094630	 30.360683
 CH2F	   F	   9	 -0.028700	 -0.681900	  0.000000	 -0.100717	 17.987076
 CH2F	   H	   1	  0.215000	  1.103600	  0.947400	  0.097689	  4.101997
 CH2F	   H	   1	  0.215000	  1.103600	 -0.947400	  0.097658	  4.102180
--
CH2NH	   C	   6	  0.058800	  0.000000	  0.587500	  0.017116	 27.797214
CH2NH	   N	   7	  0.058800	  0.000000	 -0.685500	 -0.454375	 31.124235
CH2NH	   H	   1	 -0.862100	  0.000000	  1.194600	  0.076337	  3.903595
CH2NH	   H	   1	  0.997700	  0.000000	  1.123100	  0.104265	  3.568946
CH2NH	   H	   1	 -0.899500	  0.000000	 -1.043800	  0.256656	  2.932103
--
CH2PH	   P	  15	 -0.000000	 -0.000000	  0.000000	  0.047280	 77.806199
CH2PH	   H	   1	 -0.000000	 -0.000000	  1.418349	 -0.006612	  5.119402
CH2PH	   C	   6	  1.660087	 -0.000000	 -0.206342	 -0.390961	 36.220262
CH2PH	   H	   1	  2.379441	 -0.000000	  0.600680	  0.176481	  3.339277
CH2PH	   H	   1	  2.063477	 -0.000000	 -1.211316	  0.173812	  3.351977
--
CH2-t	   C	   6	 -0.000000	 -0.000000	  0.102700	 -0.323942	 36.023995
CH2-t	   H	   1	 -0.000000	  1.004200	 -0.308100	  0.162006	  3.958166
CH2-t	   H	   1	 -0.000000	 -1.004200	 -0.308100	  0.161936	  3.958805
--
CH3BH2	   C	   6	 -0.019057	 -0.684520	 -0.000000	 -0.627183	 34.339355
CH3BH2	   B	   5	 -0.020797	  0.872952	 -0.000000	  0.458719	 25.305189
CH3BH2	   H	   1	  1.051261	 -0.939566	  0.000001	  0.170929	  3.553418
CH3BH2	   H	   1	 -0.436290	 -1.143101	  0.892742	  0.154640	  3.551764
CH3BH2	   H	   1	 -0.436288	 -1.143101	 -0.892743	  0.154749	  3.551169
CH3BH2	   H	   1	  0.015184	  1.483518	 -1.022891	 -0.155892	  5.754932
CH3BH2	   H	   1	  0.015187	  1.483518	  1.022891	 -0.155962	  5.755655
--
CH3Cl	   C	   6	 -0.000000	  0.000000	 -0.000000	 -0.291329	 31.585966
CH3Cl	  Cl	  17	 -0.000000	  0.000000	  1.781000	 -0.105894	 66.076124
CH3Cl	   H	   1	  1.042400	  0.000000	 -0.390100	  0.132589	  3.445026
CH3Cl	   H	   1	 -0.521200	  0.902700	 -0.390100	  0.132321	  3.445422
CH3Cl	   H	   1	 -0.521200	 -0.902700	 -0.390100	  0.132314	  3.445474
--
 CH3F	   C	   6	  0.000000	 -0.000000	 -0.624400	 -0.121308	 27.888804
 CH3F	   F	   9	  0.000000	 -0.000000	  0.740200	 -0.152759	 18.561754
 CH3F	   H	   1	  0.000000	  1.024500	 -0.971800	  0.091157	  3.623547
 CH3F	   H	   1	  0.887300	 -0.512300	 -0.971800	  0.091407	  3.625090
 CH3F	   H	   1	 -0.887300	 -0.512300	 -0.971800	  0.091502	  3.624576
--
CH3NH2	   N	   7	  0.750502	 -0.126326	  0.000000	 -0.594942	 31.377450
CH3NH2	   H	   1	  1.137187	  0.346821	 -0.805900	  0.254763	  3.015583
CH3NH2	   H	   1	  1.137187	  0.346821	  0.805900	  0.254651	  3.016138
CH3NH2	   C	   6	 -0.705156	  0.018044	  0.000000	 -0.166543	 29.642163
CH3NH2	   H	   1	 -1.112605	 -0.483090	  0.875100	  0.095801	  3.651490
CH3NH2	   H	   1	 -1.112605	 -0.483090	 -0.875100	  0.095925	  3.650631
CH3NH2	   H	   1	 -1.071741	  1.048555	  0.000000	  0.060346	  4.046698
--
CH3OH	   C	   6	 -0.050300	  0.668500	  0.000000	 -0.104542	 28.462623
CH3OH	   O	   8	 -0.050300	 -0.758500	  0.000000	 -0.478816	 25.079185
CH3OH	   H	   1	 -1.080700	  1.041700	  0.000000	  0.103575	  3.537153
CH3OH	   H	   1	  0.465000	  1.041700	  0.892400	  0.066983	  3.956886
CH3OH	   H	   1	  0.465000	  1.041700	 -0.892400	  0.067041	  3.956564
CH3OH	   H	   1	  0.854400	 -1.067700	  0.000000	  0.345760	  2.500262
--
 CH3O	   C	   6	  0.000000	 -0.000000	 -0.589900	 -0.202407	 29.565785
 CH3O	   O	   8	  0.000000	 -0.000000	  0.815100	 -0.146298	 22.918864
 CH3O	   H	   1	  0.000000	  1.036000	 -0.993800	  0.148122	  3.465635
 CH3O	   H	   1	  0.897200	 -0.518000	 -0.993800	  0.100282	  3.770227
 CH3O	   H	   1	 -0.897200	 -0.518000	 -0.993800	  0.100300	  3.770056
--
CH3SH	   C	   6	 -0.850000	 -0.034400	 -0.200000	 -0.322118	 31.963672
CH3SH	   S	  16	  0.900000	 -0.512500	 -0.121900	 -0.227196	 75.768999
CH3SH	   H	   1	  1.421900	  0.578100	  0.425000	  0.121674	  4.564684
CH3SH	   H	   1	 -0.940600	  0.868800	 -0.821900	  0.135412	  3.576860
CH3SH	   H	   1	 -1.421900	 -0.868800	 -0.646900	  0.157003	  3.261337
CH3SH	   H	   1	 -1.203100	  0.165600	  0.821900	  0.135225	  3.576483
--
  CH3	   C	   6	  0.000000	  0.000000	  0.000000	 -0.467316	 35.634933
  CH3	   H	   1	  1.079000	  0.000000	  0.000000	  0.155677	  3.800175
  CH3	   H	   1	 -0.539500	 -0.934400	  0.000000	  0.155802	  3.802397
  CH3	   H	   1	 -0.539500	  0.934400	  0.000000	  0.155837	  3.802209
--
  CH4	   C	   6	  0.000000	  0.000000	  0.000000	 -0.623154	 34.764519
  CH4	   H	   1	  0.627600	  0.627600	  0.627600	  0.155877	  3.586989
  CH4	   H	   1	  0.627600	 -0.627600	 -0.627600	  0.155759	  3.588405
  CH4	   H	   1	 -0.627600	  0.627600	 -0.627600	  0.155759	  3.588405
  CH4	   H	   1	 -0.627600	 -0.627600	  0.627600	  0.155759	  3.588405
--
  Cl2	  Cl	  17	  0.000000	  0.000000	  0.000000	 -0.000087	 63.420737
  Cl2	  Cl	  17	  0.000000	  0.000000	  1.987900	  0.000087	 63.416864
--
 ClCN	  Cl	  17	  0.000000	  0.000000	  1.629000	  0.091191	 58.737379
 ClCN	   C	   6	  0.000000	  0.000000	  0.000000	  0.271043	 26.389668
 ClCN	   N	   7	  0.000000	  0.000000	 -1.160600	 -0.362234	 29.409794
--
  ClF	   F	   9	 -0.000000	 -0.000000	  0.000000	 -0.094229	 18.030085
  ClF	  Cl	  17	 -0.000000	 -0.000000	  1.628300	  0.094229	 62.541551
--
   CN	   N	   7	  0.000000	  0.000000	  0.000000	 -0.250565	 28.482492
   CN	   C	   6	  0.000000	  0.000000	  1.171800	  0.250565	 26.888066
--
  CO2	   C	   6	  0.000000	  0.000000	  0.000000	  0.794627	 19.230889
  CO2	   O	   8	  0.000000	  0.000000	  1.162100	 -0.397375	 23.046770
  CO2	   O	   8	  0.000000	  0.000000	 -1.162100	 -0.397252	 23.045580
--
   CO	   C	   6	  0.000000	  0.000000	 -0.000000	  0.133009	 29.566251
   CO	   O	   8	  0.000000	  0.000000	  1.128200	 -0.133009	 21.219665
--
  CSO	   C	   6	  0.000000	  0.000000	  0.000000	  0.415579	 25.311099
  CSO	   O	   8	  0.000000	  0.000000	  1.160000	 -0.258986	 21.543447
  CSO	   S	  16	  0.000000	  0.000000	 -1.560000	 -0.156593	 72.992813
--
   CS	   C	   6	  0.000000	  0.000000	  0.000000	 -0.163081	 37.285584
   CS	   S	  16	  0.000000	  0.000000	  1.534900	  0.163081	 65.432547
--
   F2	   F	   9	  0.000000	  0.000000	  0.000000	  0.000030	 17.972875
   F2	   F	   9	  0.000000	  0.000000	  1.411900	 -0.000030	 17.973453
--
  FCN	   C	   6	  0.000000	  0.000000	  0.000000	  0.510057	 22.704759
  FCN	   F	   9	  0.000000	  0.000000	 -1.262000	 -0.034426	 16.274241
  FCN	   N	   7	  0.000000	  0.000000	  1.159000	 -0.475632	 30.848180
--
  FCO	   F	   9	 -1.021100	 -0.421100	  0.000000	 -0.125289	 18.203570
  FCO	   C	   6	 -0.000000	  0.424900	  0.000000	  0.451390	 25.408570
  FCO	   O	   8	  1.148700	  0.155000	  0.000000	 -0.326100	 23.636630
--
  FNO	   F	   9	 -0.954500	 -0.609300	 -0.000000	 -0.279228	 20.853622
  FNO	   N	   7	 -0.000000	  0.563300	 -0.000000	  0.322990	 22.146776
  FNO	   O	   8	  1.073800	  0.192600	 -0.000000	 -0.043762	 20.208047
--
 H2CN	   C	   6	  0.000000	  0.000000	 -0.490600	 -0.103303	 28.446961
 H2CN	   N	   7	  0.000000	  0.000000	  0.722600	 -0.185293	 28.714392
 H2CN	   H	   1	  0.000000	  0.934200	 -1.057200	  0.144337	  3.413521
 H2CN	   H	   1	  0.000000	 -0.934200	 -1.057200	  0.144259	  3.413897
--
  H2O	   O	   8	  0.000000	  0.000000	  0.117300	 -0.782682	 27.860067
  H2O	   H	   1	  0.000000	  0.757200	 -0.469200	  0.391348	  2.614156
  H2O	   H	   1	  0.000000	 -0.757200	 -0.469200	  0.391333	  2.614224
--
   H2	   H	   1	  0.000000	  0.000000	 -0.000000	  0.000000	  4.900910
   H2	   H	   1	  0.000000	  0.000000	  0.741400	 -0.000000	  4.900909
--
  HBO	   B	   5	  0.000000	  0.000000	  1.166000	  0.595449	 23.212009
  HBO	   H	   1	  0.000000	  0.000000	  0.000000	 -0.062715	  4.533223
  HBO	   O	   8	  0.000000	  0.000000	  2.366000	 -0.532734	 26.449842
--
  HBS	   B	   5	 -0.000000	 -0.000000	  0.000000	  0.246196	 32.331769
  HBS	   H	   1	 -0.000000	 -0.000000	  1.169200	 -0.006730	  4.054688
  HBS	   S	  16	 -0.000000	 -0.000000	 -1.599500	 -0.239466	 77.037804
--
HCCCl	   C	   6	 -0.000000	 -0.000000	 -1.814900	 -0.354832	 34.405128
HCCCl	   C	   6	 -0.000000	 -0.000000	 -0.611600	  0.055864	 30.789267
HCCCl	  Cl	  17	 -0.000000	 -0.000000	  1.025200	  0.045770	 60.686490
HCCCl	   H	   1	 -0.000000	 -0.000000	 -2.869900	  0.253197	  2.773218
--
 HCCF	   C	   6	 -0.000000	 -0.000000	 -0.094200	  0.256347	 27.710289
 HCCF	   C	   6	 -0.000000	 -0.000000	 -1.292200	 -0.511809	 36.821173
 HCCF	   F	   9	 -0.000000	 -0.000000	  1.184800	 -0.022606	 16.422652
 HCCF	   H	   1	 -0.000000	 -0.000000	 -2.345200	  0.278067	  2.692749
--
 HCHO	   O	   8	  0.000000	  0.000000	  1.205000	 -0.319118	 24.198301
 HCHO	   C	   6	  0.000000	  0.000000	  0.000000	  0.208367	 24.733327
 HCHO	   H	   1	  0.000000	  0.942900	 -0.587600	  0.055385	  3.907238
 HCHO	   H	   1	  0.000000	 -0.942900	 -0.587600	  0.055366	  3.907407
--
 HCHS	   S	  16	  0.000000	  0.000000	  0.584600	 -0.094954	 76.380882
 HCHS	   C	   6	  0.000000	  0.000000	 -1.026200	 -0.192154	 31.800243
 HCHS	   H	   1	  0.000000	  0.924400	 -1.598000	  0.143576	  3.311452
 HCHS	   H	   1	  0.000000	 -0.924400	 -1.598000	  0.143532	  3.311686
--
  HCl	  Cl	  17	  0.000000	  0.000000	  0.000000	 -0.263820	 67.810686
  HCl	   H	   1	  0.000000	  0.000000	  1.274600	  0.263820	  3.776507
--
  HCN	   C	   6	  0.000000	  0.000000	  0.000000	  0.058268	 26.608958
  HCN	   H	   1	  0.000000	  0.000000	  1.064000	  0.213481	  2.831425
  HCN	   N	   7	  0.000000	  0.000000	 -1.156000	 -0.271749	 29.836554
--
HCONH2	   C	   6	  0.000000	  0.416500	  0.000000	  0.501056	 23.142800
HCONH2	   O	   8	  1.194200	  0.221700	  0.000000	 -0.509919	 26.211213
HCONH2	   N	   7	 -0.937300	 -0.555100	  0.000000	 -0.664242	 30.486482
HCONH2	   H	   1	 -0.429900	  1.418200	  0.000000	  0.013496	  4.103431
HCONH2	   H	   1	 -0.660800	 -1.517100	  0.000000	  0.341396	  2.520689
HCONH2	   H	   1	 -1.902000	 -0.288100	  0.000000	  0.318213	  2.658551
--
HCOOH	   C	   6	 -0.000000	  0.419900	 -0.000000	  0.529053	 22.329750
HCOOH	   O	   8	 -1.054300	 -0.412100	 -0.000000	 -0.462246	 24.240459
HCOOH	   O	   8	  1.150600	  0.072100	 -0.000000	 -0.515115	 25.901526
HCOOH	   H	   1	 -0.079900	  1.514000	 -0.000000	  0.050782	  3.784612
HCOOH	   H	   1	 -0.690500	 -1.313400	 -0.000000	  0.397527	  2.362375
--
  HCO	   C	   6	  0.000000	  0.000000	  0.000000	  0.102313	 28.836672
  HCO	   H	   1	  1.080000	  0.000000	  0.000000	  0.116755	  3.770733
  HCO	   O	   8	 -0.589900	  1.042700	  0.000000	 -0.219067	 23.188331
--
  HCP	   C	   6	  0.000000	  0.000000	  0.000000	 -0.436183	 38.914975
  HCP	   H	   1	  0.000000	  0.000000	  1.067000	  0.246759	  2.599120
  HCP	   P	  15	  0.000000	  0.000000	 -1.542000	  0.189424	 76.193358
--
   He	  He	   2	 -0.000000	 -0.000000	 -0.000000	  0.000000	  4.170131
--
   HF	   F	   9	  0.000000	  0.000000	  0.000000	 -0.459150	 21.002960
   HF	   H	   1	  0.000000	  0.000000	  0.916800	  0.459150	  2.212515
--
  HNC	   C	   6	  0.000000	  0.000000	 -0.740500	 -0.005986	 33.618637
  HNC	   N	   7	  0.000000	  0.000000	  0.432100	 -0.384176	 27.911393
  HNC	   H	   1	  0.000000	  0.000000	  1.418300	  0.390162	  1.896098
--
  HNO	   H	   1	 -0.000000	 -0.971800	  0.921100	  0.164496	  3.769757
  HNO	   N	   7	 -0.000000	  0.064800	  0.583400	 -0.031983	 25.268259
  HNO	   O	   8	 -0.000000	  0.064800	 -0.625600	 -0.132513	 22.560141
--
  HNS	   N	   7	  1.037590	  0.143838	  0.000000	 -0.338627	 29.574144
  HNS	   S	  16	 -0.543781	 -0.012699	  0.000000	  0.070551	 72.279173
  HNS	   H	   1	  1.437372	 -0.803689	  0.000000	  0.268076	  2.860999
--
  HO2	   O	   8	  0.055300	 -0.613200	  0.000000	 -0.236266	 22.556586
  HO2	   O	   8	  0.055300	  0.719800	  0.000000	 -0.121479	 23.166793
  HO2	   H	   1	 -0.885300	 -0.852800	  0.000000	  0.357744	  2.335132
--
 HOCl	   O	   8	  0.036200	 -0.000000	  1.096400	 -0.400581	 24.158996
 HOCl	   H	   1	 -0.904800	 -0.000000	  1.304200	  0.374622	  2.259512
 HOCl	  Cl	  17	  0.036200	 -0.000000	 -0.592700	  0.025958	 64.171562
--
  HOF	   O	   8	  0.052900	 -0.000000	  0.714300	 -0.285306	 23.237881
  HOF	   H	   1	 -0.899500	 -0.000000	  0.834600	  0.362205	  2.380317
  HOF	   F	   9	  0.052900	 -0.000000	 -0.727700	 -0.076899	 18.581774
--
 HOOH	   O	   8	  0.000000	  0.737500	 -0.052800	 -0.358713	 24.041208
 HOOH	   O	   8	  0.000000	 -0.737500	 -0.052800	 -0.358524	 24.039425
 HOOH	   H	   1	  0.819000	  0.817000	  0.422000	  0.358614	  2.511344
 HOOH	   H	   1	 -0.819000	 -0.817000	  0.422000	  0.358622	  2.511235
--
    H	   H	   1	 -0.000000	 -0.000000	 -0.000000	  0.000000	  8.247502
--
  Li2	  Li	   3	  0.000000	  0.000000	  0.000000	 -0.000011	 70.020783
  Li2	  Li	   3	  0.000000	  0.000000	  2.673000	  0.000011	 70.018929
--
LiBH4	  Li	   3	  0.000000	  0.000000	 -1.429800	  0.879921	  3.400516
LiBH4	   B	   5	  0.000000	  0.000000	  0.506300	 -0.331577	 43.964206
LiBH4	   H	   1	  0.000000	  0.000000	  1.697300	 -0.012158	  4.901963
LiBH4	   H	   1	  0.000000	  1.140500	  0.020200	 -0.178652	  7.791925
LiBH4	   H	   1	  0.987700	 -0.570200	  0.020200	 -0.178759	  7.790856
LiBH4	   H	   1	 -0.987700	 -0.570200	  0.020200	 -0.178775	  7.791120
--
 LiCl	  Li	   3	  0.000000	  0.000000	 -0.000000	  0.873019	  3.683017
 LiCl	  Cl	  17	  0.000000	  0.000000	  2.020700	 -0.873019	 90.831333
--
 LiCN	  Li	   3	  1.415745	 -0.616425	  0.000000	  0.912261	  2.770290
 LiCN	   C	   6	 -0.678015	 -0.385516	  0.000000	 -0.324544	 42.733926
 LiCN	   N	   7	 -0.021131	  0.606941	  0.000000	 -0.587717	 36.667552
--
   Li	  Li	   3	 -0.000000	 -0.000000	 -0.000000	  0.000000	 77.199261
--
  Mg2	  Mg	  12	  0.000000	  0.000000	  0.000000	 -0.000003	100.431775
  Mg2	  Mg	  12	  0.000000	  0.000000	  3.890501	  0.000003	100.431020
--
   Mg	  Mg	  12	 -0.000000	 -0.000000	 -0.000000	  0.000000	100.643307
--
 N2H2	   N	   7	  0.000000	  0.000000	  0.000000	 -0.201844	 27.651812
 N2H2	   H	   1	  0.000000	  0.000000	  1.033777	  0.205116	  3.087844
 N2H2	   N	   7	  1.164959	  0.000000	 -0.459757	 -0.210299	 27.737762
 N2H2	   H	   1	  1.870967	  0.000000	  0.295391	  0.207028	  3.072011
--
 N2H4	   N	   7	  0.000000	  0.723000	 -0.112300	 -0.466724	 30.088274
 N2H4	   N	   7	  0.000000	 -0.723000	 -0.112300	 -0.466635	 30.087314
 N2H4	   H	   1	 -0.447000	  1.003100	  0.756200	  0.216184	  3.241691
 N2H4	   H	   1	  0.447000	 -1.003100	  0.756200	  0.216237	  3.241507
 N2H4	   H	   1	  0.966300	  1.003100	  0.030100	  0.250547	  2.928379
 N2H4	   H	   1	 -0.966300	 -1.003100	  0.030100	  0.250392	  2.929147
--
   N2	   N	   7	  0.000000	  0.000000	  0.548800	  0.000248	 24.590128
   N2	   N	   7	  0.000000	  0.000000	 -0.548800	 -0.000248	 24.593902
--
  Na2	  Na	  11	  0.000000	  0.000000	 -0.000000	 -0.000072	 90.505861
  Na2	  Na	  11	  0.000000	  0.000000	  3.078900	  0.000072	 90.484516
--
 NaCl	  Na	  11	  0.000000	  0.000000	  0.000000	  0.879935	 12.463417
 NaCl	  Cl	  17	  0.000000	  0.000000	  2.360800	 -0.879935	 93.883195
--
 NaCN	   C	   6	  1.084800	  0.643300	  0.000000	 -0.377723	 45.122973
 NaCN	   N	   7	  0.000000	  1.132800	  0.000000	 -0.544142	 37.391696
 NaCN	  Na	  11	 -0.591700	 -1.071700	  0.000000	  0.921865	 11.216663
--
  NaH	  Na	  11	  0.000000	  0.000000	  0.000000	  0.734918	 22.664141
  NaH	   H	   1	  0.000000	  0.000000	  1.887400	 -0.734918	 28.453038
--
 NaLi	  Li	   3	  0.000000	  0.000000	 -0.000000	 -0.023565	 73.050861
 NaLi	  Na	  11	  0.000000	  0.000000	  2.889000	  0.023565	 87.752936
--
   Na	  Na	  11	 -0.000000	 -0.000000	 -0.000000	  0.000000	 97.295256
--
  NCO	   N	   7	  0.000000	  0.000000	 -1.273701	 -0.343616	 28.961999
  NCO	   C	   6	 -0.000001	  0.000000	 -0.027101	  0.595603	 21.496357
  NCO	   O	   8	  0.000000	  0.000000	  1.131201	 -0.251987	 21.532482
--
   Ne	  Ne	  10	 -0.000000	 -0.000000	 -0.000000	  0.000000	 15.366256
--
NH2Cl	  Cl	  17	 -0.000000	  0.000000	  0.000000	 -0.071498	 65.563948
NH2Cl	   N	   7	 -0.000000	  0.000000	  1.747550	 -0.497961	 29.950992
NH2Cl	   H	   1	  0.987707	  0.000000	  1.985719	  0.284619	  2.702008
NH2Cl	   H	   1	 -0.332289	 -0.930133	  1.985719	  0.284839	  2.702041
--
 NH2F	   N	   7	  0.000000	  0.000000	 -0.000000	 -0.409953	 28.688805
 NH2F	   H	   1	  0.000000	  0.000000	  1.017178	  0.260387	  2.863815
 NH2F	   H	   1	  0.983848	  0.000000	 -0.258252	  0.260551	  2.867115
 NH2F	   F	   9	 -0.367844	  1.340057	 -0.283750	 -0.110985	 18.643221
--
NH2OH	   N	   7	 -0.009400	  0.704000	  0.000000	 -0.468224	 30.029350
NH2OH	   O	   8	 -0.009400	 -0.749000	  0.000000	 -0.388149	 24.467066
NH2OH	   H	   1	 -0.952500	 -0.938600	  0.000000	  0.348009	  2.648146
NH2OH	   H	   1	  0.546900	  1.001200	  0.796500	  0.254200	  2.984113
NH2OH	   H	   1	  0.546900	  1.001200	 -0.796500	  0.254163	  2.984432
--
  NH2	   N	   7	  0.000000	  0.000000	  0.000000	 -0.499623	 30.803336
  NH2	   H	   1	  0.000000	  0.803600	  0.634700	  0.249811	  3.225671
  NH2	   H	   1	  0.000000	 -0.803600	  0.634700	  0.249811	  3.225671
--
 NH3O	   N	   7	  0.000000	  0.000000	 -0.534478	 -0.219647	 25.302914
 NH3O	   H	   1	 -0.945800	  0.000000	 -0.935078	  0.269088	  2.706738
 NH3O	   H	   1	  0.472900	 -0.819100	 -0.935078	  0.269185	  2.706101
 NH3O	   H	   1	  0.472900	  0.819100	 -0.935078	  0.269283	  2.705674
 NH3O	   O	   8	  0.000000	  0.000000	  0.818322	 -0.587909	 30.198195
--
  NH3	   N	   7	 -0.000000	  0.000000	  0.000000	 -0.911044	 34.551415
  NH3	   H	   1	 -0.000000	 -0.937700	 -0.381600	  0.303484	  3.082630
  NH3	   H	   1	  0.812100	  0.468900	 -0.381600	  0.303791	  3.085405
  NH3	   H	   1	 -0.812100	  0.468900	 -0.381600	  0.303769	  3.085514
--
   NH	   N	   7	  0.000000	  0.000000	  0.000000	 -0.205384	 28.376102
   NH	   H	   1	  0.000000	  0.000000	  1.036200	  0.205384	  3.315926
--
 NOCl	  Cl	  17	 -0.531200	 -0.929800	  0.000000	 -0.280707	 70.559724
 NOCl	   N	   7	  0.000000	  0.972400	  0.000000	  0.272276	 22.533043
 NOCl	   O	   8	  1.128700	  1.125000	  0.000000	  0.008431	 19.707874
--
   NO	   N	   7	  0.000000	  0.000000	  0.000000	  0.035019	 25.456554
   NO	   O	   8	  0.000000	  0.000000	  1.153800	 -0.035019	 21.096253
--
   NP	   N	   7	  0.000000	  0.000000	  1.490900	 -0.461825	 33.579141
   NP	   P	  15	  0.000000	  0.000000	  0.000000	  0.461825	 66.247498
--
    N	   N	   7	 -0.000000	 -0.000000	 -0.000000	  0.000000	 26.689135
--
   O2	   O	   8	 -0.000000	 -0.000000	 -0.000000	  0.000041	 21.113341
   O2	   O	   8	 -0.000000	 -0.000000	  1.207500	 -0.000041	 21.114369
--
   O3	   O	   8	  0.000000	  0.000000	  0.000000	  0.362516	 18.529071
   O3	   O	   8	  0.000000	  1.088500	  0.669700	 -0.181231	 23.035003
   O3	   O	   8	  0.000000	 -1.088500	  0.669700	 -0.181285	 23.035663
--
 OCl2	   O	   8	 -0.000000	 -0.000000	  0.778800	 -0.066497	 22.098165
 OCl2	  Cl	  17	 -0.000000	  1.396600	 -0.183200	  0.033298	 63.220909
 OCl2	  Cl	  17	 -0.000000	 -1.396600	 -0.183200	  0.033199	 63.223080
--
  OCl	   O	   8	  0.000000	  0.000000	  0.000000	 -0.175161	 23.007282
  OCl	  Cl	  17	  0.000000	  0.000000	  1.569600	  0.175161	 60.588187
--
  OF2	   O	   8	  0.000000	  0.000000	  0.604900	  0.162805	 20.082313
  OF2	   F	   9	  0.000000	  1.100300	 -0.268800	 -0.081437	 18.406962
  OF2	   F	   9	  0.000000	 -1.100300	 -0.268800	 -0.081368	 18.406021
--
   OF	   O	   8	  0.000000	  0.000000	  0.000000	  0.011786	 21.643566
   OF	   F	   9	  0.000000	  0.000000	  1.354100	 -0.011786	 17.844735
--
   OH	   H	   1	 -0.000000	 -0.000000	 -0.000000	  0.341589	  2.774158
   OH	   O	   8	 -0.000000	 -0.000000	  0.969700	 -0.341589	 24.684250
--
 P2H4	   P	  15	  0.000000	  1.110000	 -0.085800	 -0.025546	 76.493057
 P2H4	   P	  15	  0.000000	 -1.110000	 -0.085800	 -0.025418	 76.488150
 P2H4	   H	   1	 -0.202600	  1.347800	  1.290500	  0.010382	  5.080635
 P2H4	   H	   1	  1.404500	  1.221600	 -0.003200	  0.015127	  5.012681
 P2H4	   H	   1	  0.202600	 -1.347800	  1.290500	  0.010392	  5.080513
 P2H4	   H	   1	 -1.404500	 -1.221600	 -0.003200	  0.015063	  5.013367
--
   P2	   P	  15	  0.000000	  0.000000	  0.000000	 -0.000050	 82.012063
   P2	   P	  15	  0.000000	  0.000000	  1.893400	  0.000050	 82.009285
--
PH2OH	   P	  15	  0.000000	 -0.000000	 -0.000000	  0.216231	 72.547839
PH2OH	   H	   1	  0.000000	 -0.000000	  1.414150	 -0.032988	  5.203091
PH2OH	   H	   1	  1.412705	 -0.000000	 -0.063908	 -0.033255	  5.206035
PH2OH	   O	   8	 -0.262810	  1.627593	 -0.251190	 -0.530409	 25.159009
PH2OH	   H	   1	 -0.954207	  1.713878	 -0.912016	  0.380421	  2.381984
--
  PH2	   P	  15	 -0.000000	 -0.000000	  0.000000	  0.008972	 78.972248
  PH2	   H	   1	 -0.000000	  1.022900	  0.996400	 -0.004469	  5.485545
  PH2	   H	   1	 -0.000000	 -1.022900	  0.996400	 -0.004503	  5.485944
--
 PH3O	   P	  15	  0.000000	  0.000000	 -0.383615	  0.742062	 55.230157
 PH3O	   H	   1	 -1.252112	  0.000000	 -1.026405	 -0.042829	  4.724035
 PH3O	   H	   1	  0.626088	 -1.084400	 -1.026420	 -0.042771	  4.724211
 PH3O	   H	   1	  0.626088	  1.084400	 -1.026420	 -0.042860	  4.724913
 PH3O	   O	   8	  0.000000	  0.000000	  1.104185	 -0.613602	 27.412612
--
  PH3	   P	  15	  0.000000	  0.000000	 -0.000000	 -0.039726	 76.777263
  PH3	   H	   1	  0.000000	 -1.193200	 -0.771700	  0.013208	  5.223561
  PH3	   H	   1	  1.033300	  0.596600	 -0.771700	  0.013273	  5.223267
  PH3	   H	   1	 -1.033300	  0.596600	 -0.771700	  0.013246	  5.223513
--
   PH	   H	   1	  0.000000	  0.000000	  0.000000	 -0.016019	  5.532958
   PH	   P	  15	  0.000000	  0.000000	  1.422300	  0.016019	 81.761623
--
   PS	   S	  16	  0.000000	  0.000000	  0.000000	 -0.131442	 75.223589
   PS	   P	  15	  0.000000	  0.000000	  1.900000	  0.131442	 78.999600
--
    P	   P	  15	  0.000000	  0.000000	  0.000000	  0.000000	 84.539490
--
 S2H2	   S	  16	  0.000000	  1.028200	 -0.055200	 -0.124746	 73.221769
 S2H2	   S	  16	  0.000000	 -1.028200	 -0.055200	 -0.124938	 73.227054
 S2H2	   H	   1	  0.942500	  1.212200	  0.882400	  0.124796	  4.450796
 S2H2	   H	   1	 -0.942500	 -1.212200	  0.882400	  0.124888	  4.449888
--
   S2	   S	  16	 -0.000000	 -0.000000	 -0.000000	  0.000023	 72.126278
   S2	   S	  16	 -0.000000	 -0.000000	  1.889200	 -0.000023	 72.127315
--
 SCl2	   S	  16	  0.000000	  0.000000	  0.854400	  0.316451	 68.039622
 SCl2	  Cl	  17	  0.000000	  1.574000	 -0.402100	 -0.158294	 64.776238
 SCl2	  Cl	  17	  0.000000	 -1.574000	 -0.402100	 -0.158157	 64.772239
--
  SCl	   S	  16	  0.000000	  0.000000	 -0.000000	  0.002425	 73.286814
  SCl	  Cl	  17	  0.000000	  0.000000	  1.975300	 -0.002425	 63.001364
--
  SF2	   S	  16	  0.000000	 -0.000000	  0.551100	  0.342262	 66.196469
  SF2	   F	   9	  0.000000	  1.198500	 -0.489900	 -0.171129	 18.465063
  SF2	   F	   9	  0.000000	 -1.198500	 -0.489900	 -0.171133	 18.465133
--
   SF	   S	  16	  0.000000	  0.000000	 -0.000000	  0.122514	 71.731497
   SF	   F	   9	  0.000000	  0.000000	  1.600600	 -0.122514	 17.904694
--
  SH2	   S	  16	 -0.000000	 -0.000000	  0.103000	 -0.312186	 77.058303
  SH2	   H	   1	 -0.000000	  0.961600	 -0.823900	  0.156072	  4.457000
  SH2	   H	   1	 -0.000000	 -0.961600	 -0.823900	  0.156114	  4.456566
--
   SH	   S	  16	  0.000000	  0.000000	  0.000000	 -0.127436	 75.754952
   SH	   H	   1	  0.000000	  0.000000	  1.340900	  0.127436	  4.611324
--
SiH3Cl	  Si	  14	  0.000000	  0.000000	 -0.984400	  0.671322	 59.383872
SiH3Cl	  Cl	  17	  0.000000	  0.000000	  1.066100	 -0.232178	 66.565618
SiH3Cl	   H	   1	  0.000000	  1.400400	 -1.447400	 -0.146463	  5.970976
SiH3Cl	   H	   1	  1.212800	 -0.700200	 -1.447400	 -0.146364	  5.969056
SiH3Cl	   H	   1	 -1.212800	 -0.700200	 -1.447400	 -0.146317	  5.968452
--
SiH3F	  Si	  14	  0.000000	  0.000000	  0.498600	  0.915980	 52.053119
SiH3F	   F	   9	  0.000000	  0.000000	 -1.095900	 -0.330869	 19.202262
SiH3F	   H	   1	  0.000000	  1.401700	  0.961300	 -0.194884	  6.464444
SiH3F	   H	   1	 -1.213900	 -0.700800	  0.961300	 -0.195072	  6.465022
SiH3F	   H	   1	  1.213900	 -0.700800	  0.961300	 -0.195154	  6.466188
--
 SiH3	  Si	  14	  0.000000	  0.000000	  0.081900	  0.353370	 74.177824
 SiH3	   H	   1	  0.000000	  1.392800	 -0.382000	 -0.117573	  6.421262
 SiH3	   H	   1	  1.206200	 -0.696400	 -0.382000	 -0.117877	  6.420347
 SiH3	   H	   1	 -1.206200	 -0.696400	 -0.382000	 -0.117921	  6.420962
--
 SiH4	  Si	  14	  0.000000	  0.000000	  0.000000	  0.551419	 61.662482
 SiH4	   H	   1	  0.854400	  0.854400	  0.854400	 -0.138033	  6.259746
 SiH4	   H	   1	 -0.854400	 -0.854400	  0.854400	 -0.137795	  6.256950
 SiH4	   H	   1	 -0.854400	  0.854400	 -0.854400	 -0.137795	  6.256950
 SiH4	   H	   1	  0.854400	 -0.854400	 -0.854400	 -0.137795	  6.256950
--
  SiO	  Si	  14	  0.000000	  0.000000	 -0.000000	  0.643114	 67.130832
  SiO	   O	   8	  0.000000	  0.000000	  1.509700	 -0.643114	 28.488455
--
SO-trip	   S	  16	  0.000000	  0.000000	 -0.000000	  0.268833	 66.478293
SO-trip	   O	   8	  0.000000	  0.000000	  1.481100	 -0.268833	 23.629368
--
FH-OH	   H	   1	 -0.000000	  0.000000	  0.000000	  0.399354	  3.083504
FH-OH	   F	   9	 -0.000000	  0.000000	  0.927729	 -0.472370	 21.726065
FH-OH	   O	   8	 -0.000000	  0.169084	 -1.803099	 -0.289067	 22.601210
FH-OH	   H	   1	 -0.000000	  1.103782	 -2.068116	  0.362083	  2.388857
--
H2O-Li	  Li	   3	  0.000000	  0.000000	  0.000000	  0.075419	 82.179747
H2O-Li	   O	   8	  0.000000	  0.000000	  1.876166	 -0.806701	 36.005730
H2O-Li	   H	   1	  0.000000	  0.835500	  2.357191	  0.364912	  6.171147
H2O-Li	   H	   1	 -0.594229	 -0.587326	  2.357191	  0.366370	  6.100437
--
  AlF	  Al	  13	  0.000000	  0.000000	  0.000000	  0.421937	 79.945973
  AlF	   F	   9	  0.000000	  0.000000	  1.654400	 -0.421937	 19.996681
--
   Ar	  Ar	  18	  0.000000	  0.000000	  0.000000	  0.000000	 56.361683
--
 BeH2	  Be	   4	  0.000000	  0.000000	  0.000000	  0.785234	 22.403688
 BeH2	   H	   1	  0.000000	  0.000000	  1.326400	 -0.392616	  8.958870
 BeH2	   H	   1	  0.000000	  0.000000	 -1.326400	 -0.392617	  8.958891
--
  BeH	   H	   1	  0.000000	  0.000000	 -0.000000	 -0.288699	  7.002995
  BeH	  Be	   4	  0.000000	  0.000000	  1.342600	  0.288699	 47.650971
--
   Be	  Be	   4	 -0.000000	 -0.000000	 -0.000000	  0.000000	 58.568779
--
   BF	   B	   5	  0.000000	  0.000000	 -0.000000	  0.077998	 42.480229
   BF	   F	   9	  0.000000	  0.000000	  1.266900	 -0.077998	 16.728872
--
BH2Cl	   B	   5	 -0.000000	  0.000000	  0.000000	  0.352863	 28.175247
BH2Cl	  Cl	  17	 -0.000000	  0.000000	  1.735300	 -0.131809	 64.618128
BH2Cl	   H	   1	 -0.000000	  1.053200	 -0.557400	 -0.110497	  5.162577
BH2Cl	   H	   1	 -0.000000	 -1.053200	 -0.557400	 -0.110557	  5.163266
--
 BH2F	   B	   5	 -0.000000	 -0.000000	 -0.000000	  0.550817	 23.661878
 BH2F	   F	   9	 -0.000000	 -0.000000	  1.315700	 -0.214348	 18.389784
 BH2F	   H	   1	 -0.000000	  1.059900	 -0.556900	 -0.168196	  5.662688
 BH2F	   H	   1	 -0.000000	 -1.059900	 -0.556900	 -0.168273	  5.663233
--
  BH2	   B	   5	 -0.000000	 -0.000000	  0.000000	  0.149021	 37.379327
  BH2	   H	   1	 -0.000000	  0.489000	  1.074000	 -0.074481	  5.384542
  BH2	   H	   1	 -0.000000	  0.489000	 -1.074000	 -0.074540	  5.385161
--
  SO2	   S	  16	  0.000000	  0.000000	  0.000000	  0.848391	 53.747700
  SO2	   O	   8	  0.000000	  1.237100	  0.721500	 -0.424097	 24.868551
  SO2	   O	   8	  0.000000	 -1.237100	  0.721500	 -0.424294	 24.871041
--
  LiH	  Li	   3	  0.000000	  0.000000	  0.000000	  0.828972	  6.755785
  LiH	   H	   1	  0.000000	  0.000000	  1.594900	 -0.828972	 28.734418
